01111111111111110111011111111111011111110
10000000000000001000100000000000100000001
10101111111111101110101011111111101011110
10100000100010100000101000000000001000001
01111110101010111110101111111111111111101
10000000101000100000101000001000000000101
10111111101111101111101110101011111110101
10100000100000001000101000101000001010101
10101110111111111010101011101111101010101
10001010100010000010001010001000001000101
10111010101010111111111011111011111011101
10000010001000000000100010001000001010001
01111011110111111110101110101011101011101
10000000001000001000101000101000101010001
10111111111011101011101011101111101010101
10100000001010101000001000100000001000101
01101111101010101111111010111111110111101
10001000101000100000001010000000001000101
10111110101110111111101111101111101011101
10100010100000100000101000100010101000001
10101010111111101110101010111010101111110
10101000001010001010121010100000101000001
10101111101010111010111010111110101011101
10101000001000000010000010000010100010001
10101011111111111111111011111010111110101
10001000100000000000001010000010100010101
01110110101011111111101010111111101010101
10001000101010000010100010001000001000101
10111011111010111010111111101110101111101
10001010000010100010001000001000101000101
01101010111110101111101011111011111010110
10001010100000101000001000001000000010001
10111010101111101011101111101011111111101
10001000101000001010001000001010001000001
01101111101111101010111011111011101011101
10001000001000100010001010000000001010001
10111011101010111101101010111111111010110
10000012101010000010001010001000001010101
10111110101011111011111011111011101010101
10000000100000001000000000000010000010001
01111111011111110111111111111101111101110
